((("bold" .
	[1 0 0 0])
  ("nil" .
	[3 0 1])
  ("ecb-compile-window-state" .
	[0 0 0 0 0 0 0 0 0 0 0 0 0 0 1 0 0 0 0 0 0 0 0 0])
  ("name" .
	[1 0 0 0])
  ("recentf-ext" .
	[0 0 0 0 0 0 0 1 0 0 0])
  ("recentf" .
	[0 0 0 0 0 0 1])
  ("require" .
	[1 0 0 0 0 0 1])
  ("from" .
	[2 0 0 0])
  ("django" .
	[0 0 0 0 0 2])
  ("http" .
	[0 0 1 1])
  ("import" .
	[0 0 0 0 0 2])
  ("def" .
	[2 0 0])
  ("index" .
	[2 0 0 0 0])
  ("request" .
	[1 0 0 0 0 0 0])
  ("return" .
	[0 0 0 0 0 2])
  ("HttpResponse" .
	[0 0 0 0 0 0 0 0 0 0 0 2])
  ("include" .
	[0 0 0 0 0 0 1])
  ("export" .
	[0 0 1 0 0 0])
  ("0.5625" .
	[1 0 0 0 0 0])
  ("0.1" .
	[1 0 0])))
